0 0.865234 0.835938 0.863281 0.837891 0.861328 0.837891 0.859375 0.839844 0.859375 0.841797 0.863281 0.845703 0.861328 0.847656 0.861328 0.851562 0.859375 0.853516 0.859375 0.855469 0.861328 0.855469 0.865234 0.859375 0.865234 0.861328 0.867188 0.863281 0.867188 0.865234 0.869141 0.867188 0.871094 0.867188 0.873047 0.869141 0.873047 0.871094 0.876953 0.871094 0.878906 0.873047 0.882812 0.873047 0.884766 0.875000 0.886719 0.875000 0.890625 0.878906 0.892578 0.876953 0.894531 0.876953 0.898438 0.880859 0.898438 0.882812 0.900391 0.884766 0.902344 0.884766 0.902344 0.882812 0.900391 0.880859 0.900391 0.878906 0.898438 0.876953 0.898438 0.873047 0.896484 0.871094 0.896484 0.865234 0.894531 0.863281 0.894531 0.861328 0.892578 0.859375 0.892578 0.855469 0.890625 0.855469 0.888672 0.853516 0.888672 0.847656 0.890625 0.845703 0.890625 0.843750 0.888672 0.841797 0.888672 0.837891 0.886719 0.837891 0.884766 0.835938
0 0.640625 0.521484 0.642578 0.523438 0.638672 0.527344 0.636719 0.525391 0.634766 0.527344 0.634766 0.529297 0.632812 0.531250 0.632812 0.535156 0.630859 0.537109 0.628906 0.537109 0.626953 0.535156 0.626953 0.533203 0.625000 0.531250 0.625000 0.529297 0.623047 0.529297 0.623047 0.535156 0.626953 0.539062 0.626953 0.542969 0.628906 0.544922 0.628906 0.548828 0.626953 0.550781 0.626953 0.552734 0.628906 0.554688 0.628906 0.556641 0.630859 0.558594 0.630859 0.560547 0.628906 0.562500 0.628906 0.564453 0.630859 0.566406 0.630859 0.568359 0.632812 0.570312 0.632812 0.580078 0.634766 0.582031 0.634766 0.583984 0.638672 0.587891 0.640625 0.587891 0.642578 0.589844 0.642578 0.591797 0.650391 0.591797 0.650391 0.587891 0.648438 0.585938 0.648438 0.583984 0.650391 0.582031 0.652344 0.582031 0.656250 0.585938 0.656250 0.582031 0.658203 0.580078 0.658203 0.578125 0.656250 0.576172 0.656250 0.564453 0.652344 0.560547 0.650391 0.560547 0.648438 0.558594 0.650391 0.556641 0.652344 0.556641 0.652344 0.554688 0.650391 0.554688 0.646484 0.550781 0.646484 0.546875 0.642578 0.550781 0.640625 0.550781 0.638672 0.552734 0.636719 0.552734 0.634766 0.550781 0.636719 0.548828 0.634766 0.546875 0.638672 0.542969 0.638672 0.541016 0.642578 0.537109 0.642578 0.523438
0 0.556641 0.253906 0.554688 0.255859 0.554688 0.257812 0.552734 0.259766 0.550781 0.259766 0.550781 0.263672 0.552734 0.265625 0.548828 0.269531 0.546875 0.269531 0.544922 0.267578 0.544922 0.263672 0.546875 0.261719 0.546875 0.259766 0.544922 0.257812 0.541016 0.261719 0.539062 0.261719 0.535156 0.265625 0.535156 0.267578 0.537109 0.269531 0.537109 0.273438 0.539062 0.271484 0.541016 0.271484 0.544922 0.275391 0.546875 0.273438 0.548828 0.275391 0.548828 0.277344 0.550781 0.279297 0.546875 0.283203 0.546875 0.285156 0.544922 0.287109 0.546875 0.289062 0.546875 0.296875 0.548828 0.298828 0.558594 0.298828 0.558594 0.296875 0.560547 0.294922 0.562500 0.296875 0.566406 0.296875 0.568359 0.294922 0.570312 0.294922 0.568359 0.292969 0.568359 0.291016 0.570312 0.289062 0.570312 0.287109 0.568359 0.285156 0.566406 0.285156 0.564453 0.283203 0.562500 0.283203 0.560547 0.281250 0.564453 0.277344 0.566406 0.279297 0.568359 0.277344 0.570312 0.277344 0.572266 0.275391 0.572266 0.273438 0.568359 0.273438 0.564453 0.269531 0.564453 0.267578 0.562500 0.265625 0.562500 0.263672 0.560547 0.261719 0.562500 0.259766 0.562500 0.253906
0 0.416016 0.140625 0.414062 0.142578 0.412109 0.142578 0.412109 0.144531 0.416016 0.144531 0.417969 0.146484 0.417969 0.150391 0.419922 0.152344 0.419922 0.171875 0.421875 0.173828 0.421875 0.177734 0.419922 0.179688 0.419922 0.181641 0.417969 0.183594 0.417969 0.185547 0.419922 0.187500 0.443359 0.187500 0.441406 0.185547 0.441406 0.183594 0.439453 0.181641 0.435547 0.181641 0.431641 0.177734 0.431641 0.175781 0.429688 0.173828 0.429688 0.171875 0.431641 0.169922 0.437500 0.169922 0.437500 0.167969 0.435547 0.166016 0.435547 0.164062 0.437500 0.162109 0.439453 0.162109 0.439453 0.156250 0.437500 0.154297 0.437500 0.150391 0.429688 0.150391 0.425781 0.146484 0.425781 0.144531 0.423828 0.144531 0.423828 0.146484 0.421875 0.148438 0.419922 0.146484 0.417969 0.146484 0.416016 0.144531
0 0.687500 0.109375 0.683594 0.113281 0.681641 0.113281 0.681641 0.115234 0.679688 0.117188 0.679688 0.119141 0.677734 0.121094 0.675781 0.121094 0.675781 0.123047 0.673828 0.125000 0.673828 0.126953 0.675781 0.128906 0.675781 0.132812 0.673828 0.134766 0.675781 0.136719 0.675781 0.138672 0.677734 0.136719 0.679688 0.138672 0.679688 0.142578 0.677734 0.144531 0.675781 0.144531 0.677734 0.146484 0.677734 0.148438 0.675781 0.150391 0.679688 0.150391 0.681641 0.152344 0.683594 0.150391 0.683594 0.148438 0.685547 0.146484 0.685547 0.144531 0.689453 0.140625 0.691406 0.142578 0.693359 0.142578 0.693359 0.138672 0.695312 0.136719 0.695312 0.134766 0.699219 0.130859 0.699219 0.128906 0.697266 0.126953 0.697266 0.125000 0.697266 0.126953 0.695312 0.128906 0.693359 0.126953 0.693359 0.123047 0.689453 0.119141 0.689453 0.117188 0.687500 0.115234
0 0.269531 0.103516 0.269531 0.107422 0.267578 0.109375 0.265625 0.107422 0.263672 0.109375 0.261719 0.109375 0.263672 0.109375 0.265625 0.111328 0.265625 0.113281 0.263672 0.115234 0.255859 0.115234 0.251953 0.119141 0.250000 0.119141 0.250000 0.121094 0.248047 0.123047 0.244141 0.123047 0.244141 0.125000 0.246094 0.125000 0.248047 0.126953 0.248047 0.128906 0.246094 0.130859 0.248047 0.130859 0.250000 0.132812 0.248047 0.134766 0.246094 0.134766 0.248047 0.136719 0.248047 0.138672 0.246094 0.140625 0.242188 0.140625 0.240234 0.138672 0.240234 0.136719 0.242188 0.134766 0.240234 0.136719 0.240234 0.138672 0.242188 0.140625 0.244141 0.140625 0.246094 0.142578 0.248047 0.140625 0.255859 0.140625 0.261719 0.146484 0.261719 0.150391 0.263672 0.152344 0.263672 0.156250 0.261719 0.158203 0.259766 0.158203 0.259766 0.160156 0.255859 0.164062 0.253906 0.164062 0.251953 0.166016 0.253906 0.167969 0.255859 0.167969 0.255859 0.166016 0.257812 0.164062 0.261719 0.164062 0.265625 0.160156 0.267578 0.160156 0.269531 0.162109 0.269531 0.164062 0.271484 0.166016 0.271484 0.167969 0.275391 0.164062 0.275391 0.160156 0.273438 0.160156 0.271484 0.158203 0.271484 0.156250 0.269531 0.154297 0.269531 0.148438 0.265625 0.144531 0.265625 0.142578 0.263672 0.140625 0.263672 0.138672 0.261719 0.140625 0.259766 0.140625 0.257812 0.138672 0.257812 0.136719 0.255859 0.134766 0.259766 0.130859 0.261719 0.130859 0.261719 0.128906 0.265625 0.125000 0.267578 0.125000 0.269531 0.123047 0.269531 0.121094 0.273438 0.117188 0.273438 0.115234 0.277344 0.111328 0.273438 0.107422 0.271484 0.107422 0.269531 0.105469
0 0.500000 0.005859 0.500000 0.013672 0.503906 0.017578 0.503906 0.021484 0.501953 0.023438 0.503906 0.025391 0.505859 0.025391 0.507812 0.023438 0.509766 0.023438 0.511719 0.025391 0.511719 0.027344 0.509766 0.029297 0.511719 0.031250 0.511719 0.035156 0.509766 0.037109 0.509766 0.039062 0.513672 0.039062 0.515625 0.041016 0.519531 0.041016 0.521484 0.042969 0.521484 0.044922 0.519531 0.046875 0.517578 0.046875 0.519531 0.046875 0.521484 0.048828 0.521484 0.052734 0.519531 0.054688 0.517578 0.054688 0.517578 0.070312 0.519531 0.070312 0.521484 0.072266 0.521484 0.074219 0.521484 0.070312 0.523438 0.068359 0.525391 0.068359 0.521484 0.064453 0.523438 0.062500 0.521484 0.060547 0.523438 0.058594 0.525391 0.058594 0.527344 0.056641 0.531250 0.060547 0.531250 0.062500 0.533203 0.064453 0.533203 0.066406 0.535156 0.066406 0.535156 0.052734 0.533203 0.050781 0.533203 0.048828 0.531250 0.046875 0.533203 0.044922 0.533203 0.041016 0.527344 0.035156 0.527344 0.031250 0.531250 0.027344 0.529297 0.027344 0.523438 0.021484 0.525391 0.019531 0.525391 0.015625 0.521484 0.015625 0.519531 0.013672 0.519531 0.011719 0.517578 0.011719 0.513672 0.015625 0.511719 0.015625 0.509766 0.013672 0.503906 0.013672 0.501953 0.011719 0.503906 0.009766 0.501953 0.007812 0.501953 0.005859
1 0.951172 0.792969 0.947266 0.796875 0.947266 0.800781 0.949219 0.802734 0.955078 0.802734 0.958984 0.798828 0.958984 0.794922 0.957031 0.792969
1 0.066406 0.494141 0.062500 0.498047 0.062500 0.505859 0.064453 0.507812 0.068359 0.507812 0.070312 0.505859 0.072266 0.507812 0.074219 0.507812 0.076172 0.509766 0.078125 0.507812 0.078125 0.505859 0.082031 0.501953 0.074219 0.494141
1 0.341797 0.060547 0.339844 0.062500 0.339844 0.068359 0.337891 0.070312 0.337891 0.074219 0.339844 0.076172 0.343750 0.076172 0.345703 0.074219 0.345703 0.068359 0.347656 0.066406 0.347656 0.062500 0.345703 0.060547
1 0.373047 0.001953 0.371094 0.003906 0.371094 0.005859 0.376953 0.011719 0.378906 0.009766 0.380859 0.009766 0.382812 0.007812 0.382812 0.003906 0.380859 0.001953
2 0.962891 0.673828 0.960938 0.675781 0.958984 0.675781 0.958984 0.677734 0.962891 0.681641 0.958984 0.685547 0.958984 0.687500 0.955078 0.691406 0.955078 0.693359 0.953125 0.695312 0.951172 0.695312 0.951172 0.697266 0.949219 0.699219 0.947266 0.697266 0.937500 0.697266 0.935547 0.699219 0.937500 0.701172 0.935547 0.703125 0.935547 0.707031 0.941406 0.707031 0.941406 0.703125 0.943359 0.701172 0.947266 0.701172 0.949219 0.699219 0.951172 0.699219 0.951172 0.697266 0.953125 0.695312 0.955078 0.697266 0.955078 0.699219 0.957031 0.699219 0.958984 0.701172 0.958984 0.703125 0.962891 0.699219 0.964844 0.701172 0.968750 0.701172 0.972656 0.705078 0.972656 0.707031 0.970703 0.708984 0.970703 0.710938 0.972656 0.712891 0.970703 0.714844 0.972656 0.714844 0.974609 0.716797 0.972656 0.718750 0.970703 0.718750 0.972656 0.720703 0.972656 0.722656 0.974609 0.724609 0.972656 0.722656 0.976562 0.718750 0.978516 0.720703 0.976562 0.718750 0.978516 0.716797 0.982422 0.716797 0.980469 0.714844 0.982422 0.712891 0.984375 0.712891 0.986328 0.714844 0.986328 0.716797 0.988281 0.718750 0.984375 0.722656 0.982422 0.720703 0.986328 0.724609 0.984375 0.726562 0.986328 0.726562 0.986328 0.724609 0.990234 0.720703 0.992188 0.722656 0.992188 0.718750 0.994141 0.716797 0.996094 0.716797 0.998047 0.714844 0.998047 0.712891 0.996094 0.710938 0.998047 0.708984 0.998047 0.707031 0.996094 0.705078 0.996094 0.703125 0.994141 0.701172 0.992188 0.701172 0.990234 0.703125 0.990234 0.705078 0.988281 0.707031 0.986328 0.705078 0.982422 0.708984 0.980469 0.708984 0.976562 0.712891 0.974609 0.712891 0.972656 0.710938 0.972656 0.708984 0.976562 0.705078 0.978516 0.705078 0.976562 0.705078 0.974609 0.707031 0.972656 0.705078 0.972656 0.697266 0.974609 0.695312 0.978516 0.695312 0.982422 0.691406 0.984375 0.691406 0.982422 0.691406 0.980469 0.689453 0.980469 0.687500 0.982422 0.685547 0.984375 0.687500 0.982422 0.685547 0.980469 0.687500 0.978516 0.685547 0.980469 0.687500 0.978516 0.689453 0.974609 0.689453 0.976562 0.691406 0.974609 0.693359 0.970703 0.693359 0.970703 0.697266 0.968750 0.699219 0.966797 0.697266 0.966797 0.687500 0.962891 0.683594 0.964844 0.681641 0.960938 0.677734 0.960938 0.675781 0.962891 0.673828 0.964844 0.673828